start=1078.875000
sub-pos=95.000000
video-pan-y=-0.000000
video-zoom=0.200000
